12 1764842161 8.000000 -1.000000 -101.000000 0.000000 0.000000
12 1764842162 8.000000 -1.000000 -101.000000 0.000000 0.000000
12 1764842163 8.000000 -1.000000 -101.000000 0.000000 0.000000
12 1764842164 8.000000 -1.000000 -101.000000 0.000000 0.000000
12 1764842165 8.000000 -1.000000 -101.000000 0.000000 0.000000
12 1764842171 24.400000 -1.000000 -101.000000 0.000000 0.000000
12 1764842172 24.400000 -1.000000 -101.000000 0.000000 0.000000
12 1764842173 24.400000 -1.000000 -101.000000 0.000000 0.000000
12 1764842174 24.400000 -1.000000 -101.000000 0.000000 0.000000
12 1764842175 24.400000 -1.000000 -101.000000 0.000000 0.000000
12 1764842176 0.600000 -1.000000 -101.000000 0.000000 0.000000
12 1764842177 0.600000 -1.000000 -101.000000 0.000000 0.000000
12 1764842178 0.600000 -1.000000 -101.000000 0.000000 0.000000
12 1764842179 0.600000 -1.000000 -101.000000 0.000000 0.000000
12 1764842180 0.600000 -1.000000 -101.000000 0.000000 0.000000
12 1764842181 33.000000 -1.000000 -101.000000 0.000000 0.000000
12 1764842182 33.000000 -1.000000 -101.000000 0.000000 0.000000
12 1764842183 33.000000 -1.000000 -101.000000 0.000000 0.000000
12 1764842184 33.000000 -1.000000 -101.000000 0.000000 0.000000
12 1764842185 33.000000 -1.000000 -101.000000 0.000000 0.000000
12 1764842186 2.000000 -1.000000 -101.000000 0.000000 0.000000
12 1764842187 2.000000 -1.000000 -101.000000 0.000000 0.000000
12 1764842188 2.000000 -1.000000 -101.000000 0.000000 0.000000
12 1764842189 2.000000 -1.000000 -101.000000 0.000000 0.000000
12 1764842190 2.000000 -1.000000 -101.000000 0.000000 0.000000
12 1764842191 32.800000 -1.000000 -101.000000 0.000000 0.000000
12 1764842192 32.800000 -1.000000 -101.000000 0.000000 0.000000
12 1764842193 32.800000 -1.000000 -101.000000 0.000000 0.000000
12 1764842194 32.800000 -1.000000 -101.000000 0.000000 0.000000
12 1764842195 32.800000 -1.000000 -101.000000 0.000000 0.000000
12 1764842196 19.000000 -1.000000 -101.000000 0.000000 0.000000
12 1764842197 19.000000 -1.000000 -101.000000 0.000000 0.000000
12 1764842198 19.000000 -1.000000 -101.000000 0.000000 0.000000
12 1764842199 19.000000 -1.000000 -101.000000 0.000000 0.000000
12 1764842200 19.000000 -1.000000 -101.000000 0.000000 0.000000
12 1764842201 27.400000 -1.000000 -101.000000 0.000000 0.000000
12 1764842202 27.400000 -1.000000 -101.000000 0.000000 0.000000
12 1764842203 27.400000 -1.000000 -101.000000 0.000000 0.000000
12 1764842204 27.400000 -1.000000 -101.000000 0.000000 0.000000
12 1764842205 27.400000 -1.000000 -101.000000 0.000000 0.000000
12 1764842206 26.800000 -1.000000 -101.000000 0.000000 0.000000
12 1764842207 26.800000 -1.000000 -101.000000 0.000000 0.000000
12 1764842208 26.800000 -1.000000 -101.000000 0.000000 0.000000
12 1764842270 0.800000 -1.000000 0.800000 0.800000 0.000000
12 1764842269 0.800000 -1.000000 0.800000 0.800000 0.000000
12 1764842268 0.800000 -1.000000 0.800000 0.800000 0.000000
12 1764842267 0.800000 -1.000000 0.800000 0.800000 0.000000
12 1764842266 0.800000 -1.000000 0.800000 0.800000 0.000000
12 1764842265 2.200000 -1.000000 2.200000 2.200000 0.000000
12 1764842264 2.200000 -1.000000 2.200000 2.200000 0.000000
12 1764842263 2.200000 -1.000000 2.200000 2.200000 0.000000
12 1764842262 2.200000 -1.000000 2.200000 2.200000 0.000000
12 1764842261 2.200000 -1.000000 2.200000 2.200000 0.000000
12 1764842260 10.600000 -1.000000 10.600000 10.600000 0.000000
12 1764842259 10.600000 -1.000000 10.600000 10.600000 0.000000
12 1764842258 10.600000 -1.000000 10.600000 10.600000 0.000000
12 1764842257 10.600000 -1.000000 10.600000 10.600000 0.000000
12 1764842256 10.600000 -1.000000 10.600000 10.600000 0.000000
12 1764842255 19.800000 -1.000000 19.800000 19.800000 0.000000
12 1764842254 19.800000 -1.000000 19.800000 19.800000 0.000000
12 1764842253 19.800000 -1.000000 19.800000 19.800000 0.000000
12 1764842252 19.800000 -1.000000 19.800000 19.800000 0.000000
12 1764842251 19.800000 -1.000000 19.800000 19.800000 0.000000
12 1764842250 19.600000 -1.000000 19.600000 19.600000 0.000000
12 1764842249 19.600000 -1.000000 19.600000 19.600000 0.000000
12 1764842248 19.600000 -1.000000 19.600000 19.600000 0.000000
12 1764842247 19.600000 -1.000000 19.600000 19.600000 0.000000
12 1764842246 19.600000 -1.000000 19.600000 19.600000 0.000000
12 1764842245 26.000000 -1.000000 26.000000 26.000000 0.000000
12 1764842244 26.000000 -1.000000 26.000000 26.000000 0.000000
12 1764842243 26.000000 -1.000000 26.000000 26.000000 0.000000
12 1764842242 26.000000 -1.000000 26.000000 26.000000 0.000000
12 1764842241 26.000000 -1.000000 26.000000 26.000000 0.000000
12 1764842240 25.000000 -1.000000 25.000000 25.000000 0.000000
12 1764842239 25.000000 -1.000000 25.000000 25.000000 0.000000
12 1764842238 25.000000 -1.000000 25.000000 25.000000 0.000000
12 1764842237 25.000000 -1.000000 25.000000 25.000000 0.000000
12 1764842236 25.000000 -1.000000 25.000000 25.000000 0.000000
12 1764842235 21.200000 -1.000000 21.200000 21.200000 0.000000
12 1764842234 21.200000 -1.000000 21.200000 21.200000 0.000000
12 1764842233 21.200000 -1.000000 21.200000 21.200000 0.000000
12 1764842232 21.200000 -1.000000 21.200000 21.200000 0.000000
12 1764842231 21.200000 -1.000000 21.200000 21.200000 0.000000
12 1764842230 33.200000 -1.000000 33.200000 33.200000 0.000000
12 1764842229 33.200000 -1.000000 33.200000 33.200000 0.000000
12 1764842228 33.200000 -1.000000 33.200000 33.200000 0.000000
12 1764842227 33.200000 -1.000000 33.200000 33.200000 0.000000
12 1764842226 33.200000 -1.000000 33.200000 33.200000 0.000000
12 1764842225 13.000000 -1.000000 13.000000 13.000000 0.000000
12 1764842224 13.000000 -1.000000 13.000000 13.000000 0.000000
12 1764842223 13.000000 -1.000000 13.000000 13.000000 0.000000
12 1764842222 13.000000 -1.000000 13.000000 13.000000 0.000000
12 1764842221 13.000000 -1.000000 13.000000 13.000000 0.000000
12 1764842220 28.200000 -1.000000 28.200000 28.200000 0.000000
12 1764842219 28.200000 -1.000000 28.200000 28.200000 0.000000
12 1764842218 28.200000 -1.000000 28.200000 28.200000 0.000000
12 1764842217 28.200000 -1.000000 28.200000 28.200000 0.000000
12 1764842216 28.200000 -1.000000 28.200000 28.200000 0.000000
12 1764842215 15.200000 -1.000000 15.200000 15.200000 0.000000
12 1764842214 15.200000 -1.000000 15.200000 15.200000 0.000000
12 1764842213 15.200000 -1.000000 15.200000 15.200000 0.000000
12 1764842212 15.200000 -1.000000 15.200000 15.200000 0.000000
12 1764842211 15.200000 -1.000000 15.200000 15.200000 0.000000
12 1764842210 26.800000 -1.000000 26.800000 26.800000 0.000000
12 1764842209 26.800000 -1.000000 26.800000 26.800000 0.000000
